    0.9003    0.3746
   -0.5377   -0.3078
    0.2137   -0.6679
   -0.0280   -0.6888
    0.7826   -0.6178
    0.5242   -0.1551
   -0.0871    0.7120
   -0.9630   -0.0195
    0.6428    0.6319
   -0.1106   -0.0785
    0.2309   -0.0853
    0.5839   -0.0986
    0.8436   -0.1756
    0.4764    0.8032
   -0.6475   -0.9888
   -0.1886   -0.4052
    0.8709   -0.9017
    0.8338    0.3864
   -0.1795    0.3002
    0.7873    0.9660
   -0.8842    0.1053
   -0.2943   -0.1999
    0.6263   -0.6024
   -0.9803    0.2504
   -0.7222    0.4667
   -0.5945   -0.2482
   -0.6026   -0.9802
    0.2076   -0.1603
   -0.4556    0.5073
   -0.6024    0.5877
   -0.9695    0.8399
    0.4936    0.6894
   -0.1098   -0.2645
    0.8636    0.2416
   -0.0680    0.4626
   -0.1627   -0.6122
    0.6924    0.8096
    0.0503    0.1384
   -0.5947    0.2636
    0.3443   -0.5312
    0.6762    0.0976
   -0.9607    0.8632
    0.3626   -0.3296
   -0.2410    0.3111
    0.6636   -0.2162
    0.0056    0.2546
    0.4189    0.3982
   -0.1422   -0.2056
   -0.3908   -0.1727
   -0.6207    0.3104
   -0.6131    0.6752
    0.3644   -0.2568
   -0.3945   -0.1495
    0.0833    0.1893
   -0.6983    0.1315
    0.3958    0.4331
   -0.2433    0.0226
    0.7200    0.5528
    0.7073   -0.0213
    0.1871   -0.6282
   -0.0069    0.4013
    0.7995    0.9654
    0.6433    0.6133
    0.2898    0.4071
    0.6359   -0.0301
    0.3205   -0.7708
   -0.3161    0.3297
   -0.4205   -0.2693
   -0.3176   -0.7199
    0.0682    0.1335
    0.4542    0.6460
   -0.3814    0.3479
    0.6770    0.9989
    0.1361    0.9233
   -0.2592   -0.8823
    0.4055   -0.2794
    0.0931    0.0970
   -0.1102   -0.4765
    0.3891    0.1947
    0.2426   -0.9014
    0.5896    0.1421
    0.9137    0.4017
    0.0452    0.9246
    0.7603    0.5010
   -0.6541    0.4800
    0.9595   -0.1363
   -0.4571    0.2685
   -0.4953    0.6061
    0.7515   -0.8322
    0.4746    0.8909
   -0.7270    0.8319
   -0.9765    0.2040
    0.7878   -0.4929
   -0.6017    0.7469
   -0.4026    0.0268
    0.3229    0.4653
   -0.4312   -0.1555
   -0.0616    0.9227
   -0.8704   -0.8559
    0.9767    0.1068
    0.1656   -0.4160
   -0.1530    0.7159
    0.0310   -0.3285
   -0.3321    0.3604
   -0.1342   -0.8931
   -0.5481   -0.2867
    0.1596   -0.0034
    0.5207   -0.1311
    0.0596    0.1249
    0.2811    0.2332
   -0.5819   -0.7733
   -0.2404    0.7965
    0.5667    0.5091
    0.3617    0.5822
   -0.0778    0.6299
    0.1357    0.3400
    0.5884   -0.5982
   -0.8816   -0.4538
    0.2057    0.2525
   -0.8995    0.0737
   -0.1693   -0.8810
   -0.3900   -0.8221
    0.7487   -0.4574
   -0.9700   -0.1819
    0.5359   -0.0519
    0.9417    0.8180
    0.9802    0.1925
    0.5777   -0.3421
   -0.1227   -0.0436
   -0.0034    0.1943
   -0.5721   -0.6771
    0.2870    0.6589
   -0.3599    0.9122
    0.9202    0.1911
    0.4533   -0.9425
   -0.1761    0.6242
    0.4891    0.2202
   -0.4641    0.4030
   -0.1202   -0.8156
    0.8668   -0.1502
    0.3667   -0.2488
   -0.5749   -0.6677
    0.6785    0.6663
    0.2576    0.6773
   -0.7325   -0.0968
   -0.5857    0.9132
    0.2144   -0.7057
    0.2598    0.7399
   -0.2590    0.5389
    0.1503   -0.1117
   -0.0972    0.2412
   -0.9122    0.9034
   -0.9456    0.2800
   -0.3746   -0.5053
   -0.9743   -0.2946
   -0.2321   -0.6243
    0.3662   -0.0187
   -0.8143   -0.1815
   -0.9293   -0.0729
    0.2248    0.2219
    0.2171   -0.8577
   -0.9685   -0.3714
   -0.9673    0.2168
   -0.6199   -0.6500
    0.1738    0.2421
   -0.8848   -0.5081
   -0.2649    0.1747
    0.2629    0.0121
    0.4353   -0.0704
    0.3853    0.0828
   -0.8318    0.8847
   -0.0913   -0.3165
   -0.1163   -0.1964
   -0.2935   -0.3846
   -0.6928   -0.1769
    0.3513   -0.4281
    0.3984   -0.2117
    0.4550    0.0060
   -0.0432    0.4440
    0.1097   -0.3876
   -0.7579   -0.7757
   -0.0985   -0.1134
    0.4318   -0.0665
    0.7857   -0.9707
   -0.4538    0.3281
   -0.4905    0.4481
    0.7312   -0.4367
   -0.5353   -0.4764
    0.6097    0.4169
    0.8168    0.5677
   -0.5362    0.9723
   -0.5214   -0.0533
   -0.9005    0.8056
   -0.8432   -0.0979
    0.2816    0.6090
   -0.6182    0.6577
    0.6877   -0.6675
   -0.6522   -0.2122
   -0.6584    0.0415
    0.9886    0.4362
   -0.1204    0.1384
   -0.3199   -0.0784
   -0.3716   -0.1094
   -0.2698   -0.8245
   -0.2135   -0.1130
    0.1831   -0.2674
   -0.7605   -0.3949
   -0.9237    0.7037
   -0.0828    0.5190
    0.7397    0.8995
    0.8685    0.1159
   -0.4711   -0.9715
   -0.6794    0.1924
    0.7457    0.6324
   -0.5242    0.9542
    0.2917   -0.5562
    0.9338    0.4074
    0.3299    0.0441
    0.7408    0.8658
   -0.9801    0.4267
   -0.7260   -0.5439
    0.6375   -0.1007
   -0.1397   -0.6556
    0.7806    0.9376
    0.4698   -0.2886